0,273
0,270
3,2
3,1
3,3
10,204
10,10
10,308
10,242
10,268
10,202
10,280
10,6
10,2
9,7
9,6
9,1
9,4
9,2
9,3
8,17
8,13
8,18
8,12
8,8
75,5
75,3
75,1
74,4
74,3
74,1
73,4
73,3
73,1
72,6
72,3
72,1
71,4
71,3
71,1
70,4
70,3
70,1
69,4
69,3
69,1
68,4
68,3
68,1
67,7
67,6
67,5
67,3
67,1
66,5
66,4
66,3
66,1
65,4
65,3
65,1
64,6
64,5
64,4
64,3
64,1
63,3
63,1
20,3
20,2
20,1
19,3
19,2
19,1
18,1
12,3
18,3
12,2
12,1
11,30
14,1
11,29
14,3
11,28
13,1
11,27
13,3
11,26
11,25
11,24
11,23
11,22
11,21
11,20
11,19
11,18
11,17
11,16
11,15
11,14
11,13
11,12
11,11
11,10
11,9
11,8
11,7
11,6
